best = 7338.419829965446 evals = 252517 20.377104581 sec
7338.419829965446 [1:1,1:1,4:3,3:2,5:3,3:2] [34.58867365260873, 0.28000000000038233, 1.0213199896939718, 0.28000000000038233, 9.841408323973756, 4.747562343254685E-10] [7456.679026533555, 399.6980530530338, 164.18980290025888, 334.2488325479445, 0.1630833705342608, -0.2256495417087708, 0.9805628198484746, 0.49774895810636055, 0.5363419684308085, -0.346141024353183]
7342.632704376256 [1:1,1:1,4:3,3:2,3:2,3:2] [34.972276681166115, 0.29524029003604735, 1.0657198167930155, 0.29524029003604735, 9.240013535757877, 1.57160684466362E-9] [7454.238879213416, 404.24436233697844, 166.74270141041126, 332.19336742712653, 0.1559304446833092, -0.23539493103352901, 0.990494255979559, 0.49984120990670017, 0.09149468543547602, 0.0914797997594499]
7427.152047169961 [1:1,1:1,5:4,3:2,5:3,3:2] [34.846834451025536, 0.28000000002922815, 1.0220442846490665, 0.28000000002922815, 10.468640613034687, 1.546140993013978E-10] [7454.27899338377, 403.6395398226282, 166.16807799200544, 332.7224725299245, 0.15726995506917904, -0.2332741344381399, 0.6973714380220553, 0.7252141447534874, 0.5374262423064545, -0.34982511993940396]
7438.2531303883225 [1:1,1:1,1:1,4:3,3:2,3:2] [32.144701184581656, 0.2877617370455544, 1.0657198168104822, 0.2877617370455544, 8.62480972860092, 1.694024831522256E-8] [7454.238879196712, 404.24436237125, 166.74270142344864, 332.19336741461393, 0.15593044463519615, -0.23539493110747567, 0.03631826110702492, 2.1509945375977524, 0.4998636249634304, 0.09147525906756981]
7469.808343537078 [1:1,1:1,4:3,3:2,3:2,4:3] [34.82403624791167, 0.2952402899846562, 1.065719816842983, 0.2952402899846562, 9.855217343017697, 1.2056261766701937E-8] [7454.238879252741, 404.24436233243136, 166.74270145449006, 332.19336739037226, 0.15593044462154532, -0.235394931178767, 0.9904942561574689, 0.4998412099439318, 0.09149468540997831, -0.3527256513982609]
7470.8813661793065 [1:1,1:1,1:1,4:3,3:2,5:3] [34.105033858375805, 0.29961365562809755, 1.0216250678159127, 0.29961365562809755, 9.227916160849, 6.860864232294261E-8] [7457.297065496927, 399.9471877241298, 165.44088207116224, 333.37380711229446, 0.1611469569031843, -0.23066276284921244, 0.03643225476812608, 0.984999540192262, 0.498676098777871, 0.5369757485834423]
7475.178271432893 [1:1,1:1,5:4,3:2,3:2,3:2] [35.01617071750427, 0.2976986281062815, 1.0657198167762538, 0.2976986281062815, 9.855217312611632, 3.9362930692732334E-9] [7454.23887909847, 404.24436244191685, 166.74270137247845, 332.193367437123, 0.15593044465315517, -0.2353949308214757, 0.6987370583329677, 0.7263904823096564, 0.09147954922182162, 0.09146515358586656]
7483.823777550702 [1:1,1:1,4:3,3:2,4:3,3:2] [34.68388193541799, 0.29524029014189207, 1.0657198166918427, 0.29524029014189207, 9.855217343300614, 2.3421307560056448E-8] [7454.238878991866, 404.24436249145054, 166.7427012905857, 332.1933674985921, 0.15593044473503428, -0.23539493053245905, 0.990494255596665, 0.49984120982493546, -0.3526823554641596, 0.4999045252845853]
7489.953642580775 [1:1,1:1,4:3,3:2,5:3,5:3] [34.2002703040174, 0.2800000000009449, 1.0629848617911473, 0.2800000000009449, 10.45848417762637, 2.473825588822365E-10] [7456.040851691108, 400.317902462353, 164.23608540503415, 334.26645450479197, 0.16255124281999891, -0.22599651135303714, 0.980577612633476, 0.4977547769314668, 0.5363489505210463, 0.11869513348544834]
7506.943091435358 [1:1,1:1,1:1,4:3,5:3,3:2] [31.43448213392406, 0.28000000000052755, 1.106599048790246, 0.28000000000052755, 9.037050265896523, 7.548806024715304E-11] [7503.479290061808, 154.13035886251404, 321.37385429772627, 353.5439172567689, 2.973692096742034, -0.1481503107324848, 0.037938898743896034, 0.9158920326308675, 0.9933400098539714, -0.3110382165794941]
7508.79145370484 [1:1,1:1,4:3,3:2,3:2,5:3] [34.434205163227645, 0.2952402901268136, 1.0657198167054887, 0.2952402901268136, 9.855217342844295, 1.513217284809798E-8] [7454.238879189226, 404.2443622896664, 166.74270133385411, 332.19336749043623, 0.1559304448364587, -0.23539493070373083, 0.9904942556595611, 0.49984120983908364, 0.09149468548078483, 0.5377928326098294]
7514.8483349968565 [1:1,1:1,4:3,3:2,5:3,4:3] [33.9479046095531, 0.28000000000011227, 1.02131998971237, 0.28000000000011227, 10.456612161079914, 2.637534635141492E-10] [7456.679026668907, 399.69805292248776, 164.18980288905837, 334.24883254333804, 0.16308337064858128, -0.22564954162385478, 0.9805628198461754, 0.4977489581051998, 0.5363419684292438, -0.9514665669808051]
7558.881601016788 [1:1,1:1,1:1,4:3,4:3,5:3] [33.597618507455635, 0.29188343895339447, 1.0657198168200255, 0.29188343895339447, 9.855217312432552, 5.3423718782141805E-9] [7454.238879219677, 404.24436234921234, 166.7427014301195, 332.19336740678096, 0.15593044464369327, -0.23539493107843742, 0.03631826110637688, 0.9905981160200149, 0.07089898943705177, 1.061182301393385]
7570.537420607353 [1:1,4:3,4:3,3:2,3:2,3:2] [35.113387845550406, 0.28193375842889024, 1.0224004863713287, 0.31200934775269856, 10.470421211783123, 4.451067070476711E-9] [7454.238879029214, 404.24436248886235, 166.7427013335774, 332.19336746245614, 0.1559304446724089, 0.6249558226292155, 0.0709133669468284, 0.4998793696753553, 0.09146701555796338, 0.09145581703178861]
7584.162154007208 [1:1,4:3,1:1,4:3,3:2,3:2] [34.05013421523131, 0.2819337596966325, 1.0444712710094632, 0.3159395418014181, 9.855217347105674, 1.7462298274040222E-10] [7454.238875984965, 404.24436447809376, 166.74269955115201, 332.19336864117633, 0.15593044568955158, 0.6249558258149369, -0.930124963885158, 0.9908228117783121, 0.49990100816421523, 0.09145034462432218]
7590.312839352803 [1:1,1:1,4:3,3:2,4:3,4:3] [34.742507400625804, 0.2952402908692165, 1.022400486029002, 0.2952402908692165, 10.470421180293142, 2.6684574550017715E-8] [7454.238878681891, 404.24436226447455, 166.74270068503674, 332.19336801372145, 0.15593044582584073, -0.23539492825384745, 0.9904942530624425, 0.4998412092922696, -0.3526823543315259, 0.07087009725196286]
7604.391590938716 [1:1,1:1,1:1,4:3,3:2,4:3] [31.606832532243892, 0.28776173765657503, 1.0657198159984917, 0.28776173765657503, 9.240013507061585, 8.534698281437159E-9] [7454.238877781389, 404.24436328449207, 166.7427005834334, 332.1933680053151, 0.15593044513472237, -0.2353949282862808, 0.036318261165921066, 2.1509945405395476, 0.49986362434364945, -0.35273840401664647]
7612.956428604846 [1:1,1:1,5:4,3:2,4:3,3:2] [34.761905231897536, 0.29769862834554384, 1.0657198165335002, 0.29769862834554384, 10.470421150023991, 5.8085788623429835E-8] [7454.238879074308, 404.24436228309423, 166.74270118707594, 332.19336761729284, 0.15593044506255907, -0.23539493022782407, 0.6987370578755046, 0.7263904819161007, -0.35272608249400406, 0.49992252548105237]
7627.91438057462 [1:1,1:1,5:4,3:2,3:2,4:3] [34.74468363130307, 0.29924313540108405, 1.021625067748556, 0.29924313540108405, 10.458323806868117, 4.461071512196213E-8] [7457.297064920595, 399.9471881942503, 165.44088196725346, 333.37380721214254, 0.1611469566943726, -0.23066276247859954, 0.6957228958206121, 0.7237958707065585, 0.09229136407904467, -0.35024814650365377]
7640.532247892263 [1:1,1:1,5:4,3:2,3:2,5:3] [34.48614703121931, 0.2976986284766159, 1.0224004861722704, 0.2976986284766159, 10.4704211501798, 3.685272531583905E-8] [7454.238878902543, 404.24436236987805, 166.74270106010016, 332.19336771439424, 0.15593044517845536, -0.23539492982047766, 0.6987370576209766, 0.7263904816966712, 0.09147954941267988, 0.5378040595855549]
7650.219065536962 [1:1,4:3,1:1,4:3,3:2,5:3] [33.31698105822504, 0.2831715781495127, 1.0426341530630145, 0.29122157792483655, 10.458323836340583, 3.6670826375484467E-9] [7457.2970655765175, 399.9471877369235, 165.44088220033012, 333.3738070211702, 0.16114695671007845, 0.6262952865301935, -0.9236361704042734, 0.9852217065793665, 0.49872640276632346, 0.5370089405977934]
7669.307103066109 [1:1,1:1,1:1,4:3,4:3,3:2] [31.875430493224663, 0.29693926857468733, 1.065719816777721, 0.29693926857468733, 9.24001350522887, 2.381057129241526E-9] [7454.238879149193, 404.2443623869033, 166.74270138071205, 332.19336743622404, 0.1559304446864685, -0.23539493083819757, 0.03631826110951107, 2.1509945377334505, 0.07089155044889145, 0.4999144195675359]
7670.768201359296 [1:1,1:1,4:3,3:2,4:3,5:3] [33.514562743020065, 0.2910063804126572, 1.0657198165984823, 0.2910063804126572, 10.47042118139337, 3.273453330621123E-8] [7454.238878845557, 404.24436258909424, 166.74270120707715, 332.19336756891636, 0.15593044477922346, -0.23539493037640308, 0.9904942552769069, 0.4998412097587908, -0.35268235532062714, 1.0612861256012078]
7674.432414484142 [1:1,1:1,1:1,4:3,5:3,4:3] [30.89910143789925, 0.28000002893186315, 1.106660940614446, 0.28000002893186315, 9.661008943208937, 1.7163529264507815E-6] [7500.326758476633, 157.3394779851334, 321.42297880227824, 353.4833911300294, 2.979096504884352, -0.14825943127442565, 0.03793792602348436, 0.9159470969665403, 0.9933915698171035, -0.8685879780746798]
7675.893762689004 [1:1,1:1,4:3,4:3,3:2,5:3] [34.365462996039575, 0.3000279393290055, 1.0657198143251254, 0.3000279393290055, 10.470421178000542, 1.3649696484208107E-8] [7454.238878006395, 404.24436165084865, 166.74269924980138, 332.19336922521177, 0.15593044847645268, -0.23539492265137812, 0.9904942470614615, 0.07090354139961408, 0.4998891038080748, 0.5378041047579485]
7679.478292147838 [1:1,1:1,1:1,4:3,5:3,5:3] [30.34550338939047, 0.28000000000402075, 1.048530653699014, 0.28000000000402075, 9.385509271392333, 3.5306584322825074E-9] [7326.193019497996, 333.28205813659287, 116.90163509963413, 281.43604983683, 0.16275500518836555, -0.20408566700087857, 0.037210586972784884, 0.9251056144677948, 0.9960538619786952, 0.12824139364310005]
7685.534512871529 [1:1,4:3,4:3,3:2,5:3,3:2] [32.942509602860355, 0.2823113161032419, 1.0117438525871114, 0.2887219315835403, 10.538640572396428, 1.8044374883174896E-9] [7354.980979336162, 312.2600577882201, 110.91759371688258, 280.2168912250311, 0.15536166791802872, 0.5862948244018408, 0.06951778361066062, 0.49370650148746437, 0.5295877815728259, -0.34646618941188395, 3.6147503378487024E-299]
7686.378714611423 [1:1,1:1,4:3,4:3,5:3,3:2] [31.904243248804594, 0.2800000000025592, 1.1104660791591217, 0.2800000000025592, 10.27681335766969, 1.255102688446641E-10] [7502.021943029774, 156.77630888460155, 321.6101804555621, 354.0787080369335, 2.982182266548641, -0.15938950825816348, 0.9246987463837757, 0.07798406535068322, 1.001058070435134, -0.3164157473092476]
7697.899111686342 [1:1,1:1,5:4,3:2,5:3,5:3] [32.35052157270369, 0.28000000000062397, 1.0679797176545183, 0.28000000000062397, 10.584264306055417, 4.220055416226387E-10] [7337.083729621332, 326.6882702602726, 111.90206924805247, 281.46829527106667, 0.14800861945249505, -0.25361092752582154, 0.6905491230671463, 0.7160019110595315, 0.5291778777886482, 0.1145294011082089]
7726.019393426259 [1:1,4:3,5:4,3:2,3:2,3:2] [33.01060597018616, 0.2814941688178383, 1.0126644260656905, 0.2992618164762209, 10.531417179638057, 1.5375917428173125E-8] [7357.239144487193, 309.39364663297835, 110.8284938530939, 280.5340694952686, 0.16111776176733456, 0.587283627371133, -0.14031549441467756, 0.7189118621368181, 0.08906398954337602, 0.08908065061828556]
7726.61474562155 [1:1,1:1,5:4,4:3,5:3,3:2] [32.63459186079967, 0.28000000428239047, 1.1174440373960965, 0.28000000428239047, 10.897039029313389, 1.2867894838564098E-7] [7503.109688702613, 157.72544461984137, 321.94338158105745, 354.630595114814, 2.9907547521045363, -0.17619995726559012, 0.6707658222898943, 0.266134444871584, 1.0141489713740712, -0.32507783730595063]
7727.127729798502 [1:1,1:1,4:3,4:3,3:2,3:2] [34.91306038959855, 0.30378698361060186, 1.0224004864107872, 0.3399379564255039, 9.85521734289455, 1.3149474398232996E-8] [7454.238879364764, 404.24436226612966, 166.74270152689456, 332.19336733928736, 0.15593044456826113, -0.23539493143619403, 0.9904942564139144, 0.07090354051067707, 0.49988910577863954, 0.09146509391971841]
7739.4585985745425 [1:1,4:3,1:1,4:3,5:3,3:2] [31.837380281435568, 0.2799999999996118, 1.0054886561652592, 0.2799999999996118, 10.53085079603841, 4.911271389573812E-10] [7999.9999999835, 416.9678134778708, 172.42201451548527, 335.8621533052002, 2.965176683345622, 2.4763591026530043, -2.30530814416196, 2.231262094300028, 2.155237868864274, -2.8330940909985918]
7751.469347488452 [1:1,4:3,1:1,4:3,3:2,4:3] [33.6299699518308, 0.28317157791536707, 1.0216250679577321, 0.31773141203940564, 10.458323836274893, 2.2886524675413966E-8] [7457.297065893762, 399.9471876408314, 165.4408824996595, 333.37380679393664, 0.16114695636039733, 0.6262952860611262, -0.9236361716745565, 0.9852217076754584, 0.4987264029975922, -0.3502910176769807]
7757.4933496931335 [1:1,4:3,1:1,4:3,4:3,3:2] [33.88869843051315, 0.2819337585261574, 1.0444712727093681, 0.32490674575837936, 10.470421180985172, 3.1424860935658216E-8] [7454.238879025716, 404.24436241103194, 166.74270125219033, 332.19336755276987, 0.15593044485771518, 0.6249558225205133, -0.9301249704104633, 0.9908228174227555, 0.07087163260860636, 0.49994182833458517]
7758.19432465338 [1:1,1:1,5:4,3:2,5:3,4:3] [34.191137467486946, 0.279999999988586, 1.0220442843077515, 0.279999999988586, 11.083844474863813, 8.663846529088914E-9] [7454.27899606699, 403.6395370302558, 166.16807837007303, 332.7224725487193, 0.15726995674559163, -0.23327413636416286, 0.6973714381740412, 0.7252141448956803, 0.5374262423714649, -0.9608806123887356]
7760.001706150626 [1:1,4:3,4:3,3:2,4:3,3:2] [33.032688546184865, 0.2806859962244537, 1.013588367160915, 0.30601011383726284, 10.56695132696112, 5.243668056209572E-6] [7343.874430316251, 322.13865733400706, 110.74293478833184, 280.8534542691349, 0.1449861570688388, 0.5883368538712378, 0.06886028620535417, 0.49496669624683653, -0.35198486021100556, 0.49490254653948007]
7760.186659369226 [1:1,1:1,1:1,4:3,4:3,4:3] [32.09015087662095, 0.2969392685334394, 1.0224004863697638, 0.2969392685334394, 9.855217312121713, 5.766196409240365E-10] [7454.238879356303, 404.24436221150296, 166.7427014624741, 332.19336739860296, 0.1559304447093573, -0.23539493120018914, 0.03631826110539818, 2.150994537515401, 0.07089155042907687, 0.07086454777743653]
7767.331009647717 [1:1,4:3,4:3,3:2,3:2,4:3] [32.99925609367117, 0.2816553994603277, 1.0124817023103203, 0.30709956886359097, 10.532412196362666, 2.892193151637912E-10] [7356.951532639565, 309.8027410652695, 110.84585809466076, 280.4710294449531, 0.16017741014756073, 0.5870824879345953, 0.06925095225387747, 0.494211737949655, 0.08914190732978279, -0.35022744981811277, 6.94126043182645E-310]
7770.010634326756 [1:1,1:1,5:4,4:3,3:2,3:2] [31.554004785648488, 0.28132504456695867, 1.0657198167081467, 0.28132504456695867, 10.470421150272719, 4.6404238673858345E-8] [7454.238879130875, 404.24436235857496, 166.74270133088694, 332.19336748884945, 0.15593044478521495, -0.2353949307372468, 2.4428555953802995, 0.26985336831391804, 0.4999403870292631, 0.09141216248918294]
7770.242463941906 [1:1,5:4,1:1,4:3,3:2,3:2] [31.47518431806834, 0.28056002286472415, 1.0224004814590268, 0.28056002286472415, 10.4704211750348, 1.4551915228366852E-11] [7454.238860362179, 404.2443745287605, 166.74269024800236, 332.1933754459035, 0.15593045127232807, 0.39802578104791064, -0.6221646313570892, 2.1506558759503123, 0.4999325442606097, 0.09141838833612326]
7799.689300776643 [1:1,1:1,5:4,3:2,4:3,4:3] [32.45371737280525, 0.29216844773406925, 1.0125849600436676, 0.29216844773406925, 10.53183599737674, 2.7939677238464355E-9] [7357.119149766765, 309.5665199168207, 110.83602654546041, 280.5066478541898, 0.1607148819908403, -0.2651863830074483, 0.6939909540526048, 0.7188843369006283, -0.35046867779516216, 0.06927458183287154]
7800.665616325359 [1:1,4:3,4:3,3:2,3:2,5:3] [32.65936556494707, 0.2815998867339453, 1.0125445527867907, 0.3070371620586141, 10.532056976656504, 2.348606358282268E-7] [7357.055221745389, 309.6573091028797, 110.83986804877536, 280.4927074744821, 0.16050655366202288, 0.5871513953379874, 0.06922846206093436, 0.49425470527927656, 0.0891083336198312, 0.5299174615689357]
7826.666058612849 [1:1,5:4,4:3,3:2,3:2,3:2] [33.523055690482344, 0.30296960677588713, 1.015215048675447, 0.3065455066593074, 10.575748447241288, 2.964952727779746E-9] [7339.972105963339, 324.9298920616591, 110.60028755832731, 281.41802663489824, 0.14372685761437684, 0.3665873095137594, 0.2675359326139228, 0.49604581980746515, 0.0877505654225204, 0.08776510533470139]
7850.331211654014 [1:1,1:1,4:3,4:3,5:3,5:3] [31.38206338092909, 0.28000000000104563, 1.110468317438712, 0.28000000000104563, 10.888638191309079, 3.7471181713044643E-10] [7503.258170341274, 155.54237269489562, 321.612242475923, 354.0763908736589, 2.9802661856478836, -0.1593954599137604, 0.9247010563721214, 0.07798383977209054, 1.0010602841822176, 0.1321591720123067]
7854.289010867054 [1:1,1:1,4:3,4:3,5:3,4:3] [31.345920396857064, 0.28000000140686077, 1.1104716428234247, 0.28000000140686077, 10.89051546125982, 3.3992637327173725E-6] [7502.575522898701, 156.228425453471, 321.6153076855452, 354.0729457528422, 2.9813706083534526, -0.15940430003279668, 0.9247044853056122, 0.07798350511025921, 1.0010635707608817, -0.8801876108411352]
7856.4855486968645 [1:1,1:1,4:3,4:3,3:2,4:3] [34.74299822682212, 0.30378698389938, 1.0657198166299442, 0.3399379567207536, 10.470421181075341, 7.148628355935216E-10] [7454.238878952849, 404.24436247778965, 166.74270122883385, 332.19336754230295, 0.15593044483806173, -0.23539493022523503, 0.9904942553625572, 0.07090354060934538, 0.49988910555530996, -0.3527681591394251]
7871.230648938679 [1:1,1:1,4:3,5:3,3:2,3:2] [29.335085569071623, 0.2800000000000054, 1.0020999346168955, 0.2800000000000054, 9.882213310355821, 3.2741809263825417E-10] [7999.999999996358, 417.1265268898998, 142.57689507602078, 353.33695439390056, 2.9653458975492666, -3.007188320399914, 2.285789991917689, 2.1946153682959717, -2.8715384016097487, 3.0203516391654044]
7926.678918541335 [1:1,1:1,4:3,5:3,4:3,3:2] [29.90411901992734, 0.2799999999999231, 1.0020999346165478, 0.2799999999999231, 10.497417223932484, 2.3646862246096134E-11] [7999.9999999827905, 417.12652690309636, 142.57689506712524, 353.33695439976987, 2.965345897546071, -3.0071883204037166, 2.2857899919210465, 2.1946153682977108, -2.3522315117555577, 2.6662529561473773]
7930.784556266537 [1:1,1:1,4:3,5:3,3:2,4:3] [29.8630626429166, 0.28000000000141306, 0.9887770146530643, 0.28000000000141306, 10.497417223903794, 1.7462298274040222E-10] [7999.9999999939, 417.1265268915752, 142.57689507382574, 353.33695439411076, 2.9653458975479263, -3.007188320411284, 2.2857899919238744, 2.1946153682997562, -2.871538401614774, -2.8616867345349153]
7935.7646450665825 [1:1,1:1,4:3,4:3,4:3,3:2] [31.179010907805697, 0.28000000471047815, 1.0553336892485157, 0.3078916014454614, 10.481615761122882, 9.52941809373442E-6] [7438.869356004499, 412.07123266717923, 154.74752615197852, 340.45049990263493, 0.16658686937653916, -0.19161842410391153, 2.1897500353885233, 0.07487183801647768, 0.07483440810753077, 0.4918061435935121]
7937.306319540847 [1:1,1:1,5:4,3:2,4:3,5:3] [33.52138054129638, 0.2932861469925747, 1.021625067588013, 0.2932861469925747, 11.073527672819417, 2.1827872842550278E-11] [7457.297065523146, 399.9471874219368, 165.4408816562494, 333.37380744289214, 0.16114695771462295, -0.23066276165306956, 0.6957228952538851, 0.7237958702199255, -0.3502068643544419, 1.0561709333450222]
7937.730990128433 [1:1,1:1,4:3,4:3,4:3,5:3] [33.65204472186692, 0.29463520881095856, 1.0216250678022323, 0.29463520881095856, 11.073527703667002, 4.0849217839422636E-6] [7457.297065743217, 399.9471874692276, 165.44088198893266, 333.37380714995777, 0.16114695714663332, -0.2306627626350702, 0.9848970168394195, 0.07144524308926019, 0.07141952748540048, 1.056158083098497]
7938.483039830315 [1:1,5:4,1:1,4:3,3:2,5:3] [33.87480297913676, 0.2969380435030035, 1.0216250671641507, 0.2969380435030035, 11.073527672284955, 4.69299266114831E-10] [7457.297064795979, 399.94718744705125, 165.44088067860068, 333.3738082002144, 0.16114695907342746, 0.40012558731486747, -0.6185328357606282, 0.9853344228506241, 0.49874471922488506, 0.5370180833616479]
7942.655999829383 [1:1,5:4,1:1,4:3,5:3,3:2] [29.887847077556398, 0.2801673487768041, 0.9987643486605448, 0.2801673487768041, 10.566657899377084, 4.900055682810489E-5] [7346.356077126638, 316.55547803317165, 117.85851786161822, 279.2138970501631, 0.1754495179152981, 0.3967748282813087, -0.5666453093150637, 0.9077554854565032, 0.9819047902681457, -0.30715354568240877]
7943.682137377604 [1:1,4:3,1:1,4:3,4:3,5:3] [32.27960856388811, 0.2815060019214795, 1.0216250672872826, 0.2815060019214795, 11.073527704101501, 7.970993465278298E-8] [7457.2970637470235, 399.94718810121844, 165.44088019076912, 333.3738084748289, 0.16114695926876485, 0.6262952904306754, -0.9236361620615319, 0.9852216993780006, 0.07141289047737716, 1.056258700010485]
7945.0235674359155 [1:1,1:1,5:4,4:3,3:2,5:3] [34.340914305004034, 0.30225320930183797, 1.021625067739609, 0.30225320930183797, 11.073527673302012, 2.0590960048139095E-9] [7457.297065586371, 399.9471875454962, 165.44088192877086, 333.37380722307796, 0.1611469572373737, -0.23066276244795306, 0.6957228957947216, 0.26945388092125044, 0.4987311863804533, 0.5370071249884969]
7945.729104954154 [1:1,4:3,4:3,4:3,3:2,3:2] [33.36033819439148, 0.28000000000530995, 1.0147577397626146, 0.35003842185702966, 10.576705352649345, 4.6566128730773926E-10] [7339.690765735272, 325.08806561916947, 110.80871437578938, 281.4009247422187, 0.14444538556975875, 0.5910148167977435, 0.06857542135711284, 0.0686070791600787, 0.4954808971348178, 0.08816341938150225]
7989.355671652212 [1:1,4:3,1:1,4:3,4:3,4:3] [31.414008330933356, 0.28166891660336, 1.012466414843945, 0.3197827922807119, 10.532500809099082, 4.856701707467437E-10] [7356.925487691986, 309.83892367060224, 110.84732193764424, 280.4657599740583, 0.16009640710765333, 0.5870657935897892, -0.9213793730126116, 0.9813846575622356, 0.0693007472378445, 0.06932542623308098, 3.419067072695058E-298]
8002.429499077229 [1:1,4:3,1:1,4:3,5:3,4:3] [29.271539548816143, 0.2835289559385209, 1.0101695200878533, 0.2835289559385209, 10.372588060477836, 2.3283064365386963E-10] [7972.0464365367525, 407.54037432979436, 50.000000000228944, 185.20310426403765, 0.2351181481935799, 0.9603202404595063, -0.7920776489952095, 0.8771601144368958, 0.9703653310447506, -0.820321806515104]
8011.962858092592 [1:1,1:1,4:3,5:3,5:3,3:2] [29.051279624458395, 0.27999999999994274, 1.0020999346166013, 0.27999999999994274, 10.497417223925261, 9.913492249324918E-11] [7999.999999986274, 417.1265268996972, 142.57689506940824, 353.33695439824766, 2.9653458975468823, -3.007188320402882, 2.285789991920259, 2.19461536829726, 2.9807133559609507, -2.871514283831518]
8039.197782069088 [1:1,4:3,5:4,3:2,5:3,3:2] [32.865808399530486, 0.2814942725965413, 1.012664352860519, 0.28297621078075735, 11.146621259003112, 1.0738716810010374E-5] [7357.239078560563, 309.39370798439955, 110.8285211614332, 280.5340615823405, 0.16111774664451922, 0.5872837001244718, -0.14031539705283919, 0.7189116859679376, 0.5299647673350693, -0.3479539824336187]
8065.539287751129 [1:1,1:1,4:3,4:3,4:3,4:3] [30.563391623404183, 0.28058533194804347, 1.1194706078691246, 0.3056598856278778, 10.898623828985933, 3.929429603886092E-4] [7503.300630993166, 158.11370238153245, 322.03404417410724, 354.7305111337083, 2.99337019315925, -0.1806555960265161, 2.1975458628800792, 0.07546112235187918, 0.07542219346260101, 0.07539089099869077]
8066.763530464608 [1:1,1:1,4:3,5:3,5:3,4:3] [28.25810414388879, 0.2800000000000359, 1.0142143371945687, 0.2800000000000359, 10.363170107368006, 1.0148141882382333E-8] [7975.558089145779, 405.133975515286, 50.82754955456039, 183.34204604945145, 0.23883045502748057, 0.09134812577541353, 0.8601796781810741, 0.9584403299453149, 0.1673765329214757, -0.7972719415629105]
8072.988403408736 [5:4,1:1,4:3,3:2,3:2,3:2] [28.37206285207686, 0.28223630949516654, 1.008420976962439, 0.28223630949516654, 10.337202429217722, 2.3283064365386963E-10] [7300.195325263801, 336.00816187622337, 103.63046866845576, 190.1807699944861, 2.3852681401125584, 2.996090588231801, 0.8519687914959834, 0.47954230127662717, 0.12812590695772555, 0.12808625153532793]
8073.268885061162 [1:1,1:1,4:3,5:3,3:2,5:3] [28.43821935481921, 0.27999999999994424, 1.0020999346167687, 0.27999999999994424, 10.497417223916932, 1.064108801074326E-10] [7999.999999990385, 417.12652689570945, 142.57689507209662, 353.33695439650535, 2.965345897547855, -3.007188320401489, 2.2857899919191196, 2.194615368296679, -2.871538401610961, 2.613742744642137]
8077.489862396767 [1:1,4:3,4:3,3:2,5:3,5:3] [32.73812003581122, 0.2814941689013744, 1.0126644260370685, 0.2880825241635412, 11.146621068401352, 1.857370079960674E-8] [7357.2391445264475, 309.39364655550395, 110.82849386420811, 280.53406951113527, 0.16111776202602626, 0.5872836275672992, 0.06918567173211823, 0.4943366214906392, 0.5299802979495145, 0.11303328916195358]
8078.112172820514 [1:1,4:3,1:1,4:3,5:3,5:3] [28.520177795181166, 0.2800001095311744, 1.0060541132191183, 0.2800001095311744, 10.56880943741618, 1.3648059393744916E-7] [7345.281648668458, 314.2992609519336, 120.73669460739947, 279.3777758267401, 0.1923525473827294, 0.6195528703672488, -0.8083186402124659, 0.8867813602212441, 0.9654075782525858, 0.14224194257730444]
8078.321518866667 [1:1,4:3,4:3,4:3,5:3,3:2] [32.33029571171265, 0.28000000000002273, 1.0107848974564249, 0.28000000000002273, 11.150569891117563, 1.1459633242338896E-10] [7355.991965533742, 309.8472799835481, 111.82546051995315, 280.5257768280067, 0.16508519587702336, 0.5909275648903052, 0.07041713265137892, 0.07045028254613994, 1.0347546006499004, -0.3422509663570291]
8087.651682919919 [1:1,5:4,4:3,3:2,5:3,3:2] [33.09637712330045, 0.28938710563690034, 1.0126644259886461, 0.28938710563690034, 11.146621038035754, 1.0875737643800676E-8] [7357.239144455437, 309.3936466457347, 110.82849387733981, 280.5340694967803, 0.16111776186250035, 0.36518740044804376, 0.2669709148716842, 0.4943122607220622, 0.5299653233805648, -0.34796529249642955]
8093.567883274982 [1:1,1:1,5:4,4:3,3:2,4:3] [30.890858076622056, 0.2826070790442976, 1.021625066331209, 0.2826070790442976, 11.073527671119386, 2.710294211283326E-10] [7457.297063532287, 399.9471874147974, 165.44087886645505, 333.3738096188934, 0.16114696165154266, -0.23066275223798222, 2.4458697638610873, 0.26945855392107054, 0.49876535519463877, -0.35040220923993254]
8110.378843347174 [1:1,4:3,4:3,3:2,5:3,4:3] [32.42314411743038, 0.28156066616831293, 1.0125889978753877, 0.288134766924522, 11.147018145449701, 5.338733899407089E-9] [7357.125426302487, 309.55755826847707, 110.83564302882554, 280.50804100114397, 0.16073556589984606, 0.5872003019368589, 0.06921258104728703, 0.4942850819376018, 0.529947980872042, -0.9473232972079793]
8112.752008263247 [1:1,1:1,1:1,3:2,3:2,3:2] [24.53238849204327, 0.3010565953456808, 0.9898562767718236, 0.3010565953456808, 7.421902240694168, 3.697914507938549E-8] [7344.828152805359, 317.0722397871648, 199.56603826807614, 171.88350020771776, 2.9615540617939047, 0.08530133084820497, 3.0976892837242604, 1.6287109237988397, 2.9728998269171365, 2.972975126909086]
8113.70640241583 [1:1,1:1,1:1,3:2,5:3,3:2] [23.393644226106876, 0.2800000000120753, 1.0251183158717658, 0.2800000000120753, 7.956582203292823, 2.0099832909181714E-10] [7949.671021796689, 94.14262503529304, 399.41423221575303, 165.55334856041574, 0.19286617187402705, 3.0299593001571052, 0.04570200322219163, 1.4249541432470088, 0.5832421735221606, -0.1541269562912948]
8124.6918813242555 [1:1,4:3,5:4,3:2,3:2,4:3] [32.82506384932021, 0.28149416897234136, 1.012664425978383, 0.29926181666580925, 11.14662103804518, 2.5320332497358322E-9] [7357.239144450737, 309.3936466332527, 110.82849389065898, 280.5340694993866, 0.16111776196421496, 0.5872836275775836, -0.14031549427116327, 0.7189118618770075, 0.08906398963243525, -0.3504504933598733]
8126.326279048575 [1:1,5:4,1:1,4:3,3:2,4:3] [34.34868458898906, 0.3072075315242376, 1.0280947728435053, 0.3288544238149472, 11.085625019529951, 1.3587850844487548E-9] [7454.238878016238, 404.2443629108343, 166.74270050402828, 332.1933680506878, 0.15593044556237134, 0.39802576606275103, -0.6221646547839282, 0.9909368139348654, 0.49991962746260876, -0.3528462291546494]
8132.707946893771 [5:4,1:1,4:3,3:2,5:3,3:2] [28.92135910658556, 0.2824581489415057, 1.0077991635439256, 0.2824581489415057, 10.952839698266583, 5.305264494381845E-8] [7300.013796403893, 336.29541711855666, 103.51154233835253, 190.17075072042596, 2.386024180960979, 0.14557013179408587, 2.2898744940233087, 0.47952119389898823, 0.5368313038585946, -0.26303410269695476]
8136.719839971904 [1:1,4:3,4:3,5:3,3:2,3:2] [27.95400358555036, 0.2800000000011362, 0.9979543783316566, 0.2800000000011362, 10.579713612269332, 6.930349627509713E-10] [7341.5318483782, 315.69932238265096, 124.25347100715422, 278.443676647578, 0.20137793328733336, 0.631614812498029, 0.08754721653638252, 0.9459568019452546, -0.2750706743961398, 0.1170886761113103]
8137.495493000483 [1:1,1:1,4:3,5:3,4:3,5:3] [27.544302148815973, 0.2800000000009313, 1.0166510309346666, 0.2800000000009313, 10.359620575772485, 2.130036591552198E-9] [7976.931041384431, 404.0422007599333, 50.6775892202836, 183.28731466035723, 0.2413164503922534, 0.09094665396966026, 0.8601772654453291, 0.9584406659062866, -0.7972679155162073, 0.9585474874313641]
8139.760015141557 [1:1,4:3,5:4,3:2,4:3,3:2] [32.674383122036936, 0.2814941714907596, 1.0126644235141926, 0.2992618196031191, 11.146621049363647, 2.7321220841258764E-9] [7357.239141202385, 309.3936510452222, 110.82849430982861, 280.5340688023174, 0.16111775274886597, 0.5872836262075655, -0.14031549185134357, 0.718911857494694, -0.35049882246001535, 0.49424518663001665]
8148.654713174632 [1:1,1:1,4:3,5:3,4:3,4:3] [27.808984593018987, 0.28362541252514056, 1.014412970729799, 0.28362541252514056, 10.360562372349907, 0.0026277060496795457] [7976.452962677953, 404.79140212378377, 51.80274852947421, 181.7569452604594, 0.2386761900227535, 0.0900968107058526, 0.8469228955199819, 0.9496948552048708, -0.7788072908586875, 0.0962481116035999]
8150.221078717232 [1:1,4:3,4:3,3:2,4:3,4:3] [32.952597804125354, 0.2814941688777477, 1.012664426050143, 0.30691832259283214, 11.146621068396351, 2.99842213280499E-8] [7357.2391445276435, 309.39364655718725, 110.82849386152995, 280.53406951030547, 0.16111776200925937, 0.5872836275344797, 0.06918567172300513, 0.49433662150805413, -0.35055579206143295, 0.06925138684289434]
8150.842235330197 [1:1,1:1,1:1,3:2,3:2,4:3] [24.495085195365874, 0.2947069419205066, 1.010391123460282, 0.2947069419205066, 7.957708428308361, 1.3533398487197701E-5] [7910.066847794319, 327.3084353984592, 126.47427530038696, 205.7388567191848, 2.9603450882974114, 2.868038526155581, 0.044580518012067284, 1.5102945876172447, 0.1760093046146358, -0.20017118909402767]
8153.012778285284 [1:1,4:3,4:3,5:3,4:3,3:2] [28.549943154344405, 0.28000000054545005, 1.0053330636103286, 0.28000000054545005, 10.995247574288843, 3.2741809263825417E-11] [7969.146437445697, 410.4306201983263, 51.162268869501695, 183.87372894491168, 0.2297929297877617, 0.9431550189362006, 0.09216574936626776, 0.9606702953190982, -0.8017560453690477, 0.4808689829362869]
8156.286257276658 [1:1,5:4,1:1,4:3,5:3,4:3] [29.620875542205603, 0.2911728304687507, 1.010169527032287, 0.2911728304687507, 10.987791954080343, 1.0986695997416973E-9] [7972.046440170649, 407.54037074318313, 50.00000000337355, 185.20310422143916, 0.23511815580014325, 0.7000367039307032, -0.5394503755024881, 0.8772353267262006, 0.9704006662926185, -0.8203531373625985]
8156.56852741916 [1:1,4:3,5:4,3:2,3:2,5:3] [32.50629737572467, 0.281494168900115, 1.0126644260276079, 0.2992618165783858, 11.146621037868945, 1.3897079043090343E-9] [7357.2391445061, 309.39364659956345, 110.82849385573142, 280.5340695036349, 0.16111776186815138, 0.587283627519341, -0.14031549433892695, 0.718911861999703, 0.08906398959037923, 0.5299518877173273]
8167.9093820145445 [1:1,5:4,1:1,4:3,4:3,3:2] [34.48358727127595, 0.30720753094858894, 1.0280947736130117, 0.33986909904828005, 11.085625018337838, 4.369212547317147E-9] [7454.238879186526, 404.2443622203228, 166.74270126245244, 332.1933675473563, 0.1559304450008029, 0.3980257642715687, -0.6221646564668941, 0.9909368165471625, 0.07086172233426836, 0.49995536441883526]
8174.206360696554 [1:1,1:1,5:4,5:3,3:2,3:2] [26.112926300945862, 0.27999999999983527, 0.999674610628447, 0.27999999999983527, 9.776859634353693, 3.67435859516263E-10] [7964.46893567237, 415.5872740761917, 53.376570151868876, 180.89306392229705, 0.22310328069346222, 0.09150423639316248, 0.6112841531662866, 1.2623669802499045, -0.2507584921158541, 0.13459653339069355]
8185.118776740426 [1:1,5:4,4:3,5:3,3:2,3:2] [28.215864785076775, 0.2800059743396807, 1.0101695253393221, 0.2800059743396807, 10.987791988018088, 1.5279510989785194E-10] [7972.046438909292, 407.5403717450741, 50.00000000442019, 185.20310443421772, 0.2351181541068675, 0.700036705709094, 0.2663279126243096, 0.9703746710296614, -0.2824928883310348, 0.11926837248409942]
8186.174082079327 [5:4,1:1,5:4,3:2,3:2,3:2] [28.4122215926542, 0.28272389406790877, 1.0086255435935532, 0.28272389406790877, 10.952264478981293, 7.621565600857139E-10] [7300.25580066664, 335.91360351145124, 103.67131101984525, 190.18270799248165, 2.3850191619423478, 2.9961194516971568, 0.6197734462022885, 0.6672139776678345, 0.12805874797994, 0.1280192854237589]
8189.692202497831 [1:1,4:3,4:3,5:3,3:2,4:3] [28.180527645903698, 0.2800000011045332, 1.0059680792553998, 0.2800000011045332, 10.99381221639926, 1.3642420526593924E-10] [7969.688058190197, 409.956386315384, 51.12334892020815, 183.8626182925374, 0.23045264432651927, 0.9430229510576466, 0.09216341895790645, 0.9606781263122304, -0.27208843955282735, -0.28147149233148605]
8200.049753476576 [5:4,1:1,1:1,4:3,5:3,3:2] [26.907247045292312, 0.2800000024482748, 0.990009640815369, 0.2800000024482748, 10.353307082833789, 2.1954165276838467E-6] [7297.522878748811, 343.8679923236462, 108.95151467444782, 182.88212682497988, 2.4107536615919107, 0.12265546483970925, 0.04239889394553052, 2.3253183921551486, 0.9316380667841428, -0.23009862577496995]
8201.217422343538 [1:1,4:3,1:1,3:2,5:3,3:2] [24.699944813860327, 0.28000001200865143, 1.021374496439635, 0.28000001200865143, 9.151056994557234, 2.7284841053187847E-11] [7923.012095629484, 313.2614153956728, 126.53672514027639, 206.18758877194105, 2.937763038663981, 1.993904516378281, -0.6416774333027848, 1.5065679821288003, 0.5648667865922014, -0.17355931210939196]
8203.748584227475 [1:1,1:1,1:1,3:2,5:3,4:3] [23.616738699259944, 0.28000000005670905, 1.0251183155914871, 0.28000000005670905, 8.571786011189078, 1.5460500435438007E-8] [7949.671023105942, 94.14262414026994, 399.4142323759218, 165.55334820410258, 0.1928661703621344, 3.029959300867638, 0.04570200323168212, 1.4249541422746734, 0.5832421736939688, -0.6392266530903293]
8203.880617671504 [5:4,1:1,4:3,3:2,3:2,4:3] [27.961683136868945, 0.27999999999970765, 1.0086388378863331, 0.27999999999970765, 10.951671081538777, 4.783942131325603E-10] [7301.104643628076, 335.39293546733626, 105.0069966127663, 189.15094043649773, 2.3855722293240604, 0.14125241450483433, 0.847180138723999, 2.6623739082747635, 0.1301743227784397, -0.27027565658259584]
8204.790693052124 [1:1,4:3,4:3,4:3,3:2,5:3] [32.5615065855085, 0.281847013214745, 1.012265522063269, 0.3086951787816046, 11.148965013441611, 9.618936201150063E-5] [7356.548192459264, 310.34898232693143, 110.86674274900543, 280.3966106526556, 0.15899024399952486, 0.5868485934834516, 0.06932868177729447, 0.06936099545971691, 0.4940159700299742, 0.529786984967889]
8219.3670547755 [1:1,1:1,1:1,3:2,5:3,5:3] [23.328393350289932, 0.28000000002044645, 1.018923654971146, 0.28000000002044645, 8.499418971056597, 7.09405867382884E-11] [7400.492460800114, 405.1634549991821, 55.74539879012864, 171.769587765444, 2.898352929166586, 3.055579948564512, 0.043962070479402246, 1.6438475845483063, 2.5870104600769013, 2.903316986037969]
8225.057784506931 [1:1,1:1,5:4,4:3,4:3,3:2] [29.450127984536255, 0.2979214105497548, 1.1199287479501925, 0.2979214105497548, 10.901335947651596, 1.382431946694851E-10] [7502.433965534677, 159.05792015845975, 321.9925803986689, 354.81836957086966, 2.9948377944893623, -0.18153430497683817, 2.467850657761235, 0.26644301837540496, 0.07527666484127087, 0.4899901768928596]
8226.05751416325 [1:1,5:4,5:4,3:2,3:2,3:2] [33.08780468584046, 0.3031419707091712, 1.0126644261029565, 0.3031419707091712, 11.14662100710479, 2.3646862246096134E-11] [7357.239144549049, 309.39364654425634, 110.82849384815547, 280.53406950995173, 0.16111776197152414, 0.36518740025588176, 0.060281616900788974, 0.7188579966955826, 0.08908203332893137, 0.08909792441506299]
8267.656349323903 [1:1,4:3,1:1,3:2,3:2,3:2] [24.689970933925068, 0.2969856422892558, 1.011687052959063, 0.2969856422892558, 8.579307644559751, 1.0199792086496018E-6] [7907.321992904604, 329.3293906167004, 126.14708954962944, 206.38100007170917, 2.960761181397956, 1.9895418804328107, -0.644667608823612, 1.5705512826564219, 0.17433760164526937, 0.17426306377879394]
8269.061256560952 [1:1,5:4,4:3,3:2,3:2,4:3] [33.05740707231366, 0.30529688929477483, 1.0126644260187962, 0.30897983546420754, 11.14662103816159, 1.9512299331836402E-8] [7357.239144419921, 309.3936467184669, 110.82849386573895, 280.5340694816112, 0.16111776161235739, 0.3651874002235994, 0.2669709148915008, 0.49431226078342844, 0.08906335944775431, -0.35045855417014665]
8270.328781300168 [1:1,1:1,5:4,4:3,5:3,5:3] [31.051980206598795, 0.2800000321108329, 1.057408505768558, 0.2800000321108329, 11.182504174042355, 1.3497969121090136E-5] [7345.250309147793, 320.03680167190646, 113.89395918393322, 279.9317750590205, 0.15729602245003402, -0.23331591225319315, 0.6741628665632056, 0.2647928672589404, 1.0133714308646449, 0.12210154437039461]
8275.012448691596 [5:4,1:1,4:3,5:3,3:2,3:2] [27.422669123826278, 0.281746114925277, 1.0112973751909615, 0.281746114925277, 10.950407730341434, 2.128217602148652E-10] [7301.116861978908, 334.65334299028456, 104.31688428451854, 190.11920660758446, 2.3817737038700435, 0.14467221493902832, 0.8526590312143079, 0.952850333602596, -0.2636459636745951, 0.12790303928926286]
8277.777214958967 [1:1,5:4,4:3,3:2,4:3,3:2] [32.97024776422724, 0.30529689155154943, 1.012664424803802, 0.30897983801388357, 11.14662104026008, 1.2852979125455022E-8] [7357.239143754649, 309.3936468591437, 110.82849446168348, 280.5340695114625, 0.16111776437765532, 0.3651874038492171, 0.26697091439251036, 0.49431225923736166, -0.3505006682777437, 0.4942502656156128]
8279.437006262733 [1:1,1:1,5:4,5:3,3:2,4:3] [26.553126572963073, 0.2800000039173433, 0.9994880860168222, 0.2800000039173433, 10.594094306547946, 2.0635322471207473E-5] [7335.900811200958, 320.37512949895125, 129.28225712892078, 273.9916546471867, 0.20210144225637122, -0.08177748548024498, 0.6000063577376366, 1.2107045977255104, -0.2414000114089933, -0.25520451755258433]
8282.241039177603 [5:4,1:1,4:3,3:2,4:3,3:2] [27.16983773885164, 0.28000002133263174, 1.0136266339568276, 0.28000002133263174, 10.947152148313998, 2.6270226953784004E-6] [7303.576518293866, 332.56090688768376, 106.76336753005926, 188.57605736066492, 2.379911150651375, 0.13714853582803138, 0.8474598423704733, 2.6623192641743185, -0.2703779423978507, 0.47929486883529043]
8284.341220375423 [1:1,1:1,5:4,5:3,4:3,3:2] [26.50395511409916, 0.2800000913344945, 0.9994878081400987, 0.2800000913344945, 10.594010533022313, 2.2874837668496184E-6] [7335.923895715351, 320.30057317182803, 129.29569518464712, 274.0221746457664, 0.2023547659826544, -0.08183211472930729, 0.6000168788054976, 1.210734658802308, -0.7376495368300876, 0.47011409651605834]
8294.230862494273 [1:1,1:1,5:4,5:3,5:3,4:3] [27.14619988696864, 0.28000000000071634, 1.0017168363545916, 0.28000000000071634, 10.999867768198948, 1.291482476517558E-10] [7967.215595030285, 413.0111747942799, 53.28283739910456, 180.86015414225946, 0.22534923937544826, 0.09128303707318453, 0.6112822718693955, 1.2623623885563164, 0.181886781694903, -0.7661732275669323]
8297.339608428689 [1:1,4:3,4:3,5:3,5:3,3:2] [27.079573010414244, 0.2800000000483734, 1.013250636595567, 0.2800000000483734, 10.980407441249753, 2.255546860396862E-10] [7974.797729758781, 405.65671622660346, 50.66367772211791, 183.72586526697413, 0.23793160252097312, 0.9413979825661166, 0.09213488847056646, 0.9607738558237673, 0.16539140844430777, -0.27218973141860575]
8304.336232918888 [1:1,5:4,4:3,3:2,3:2,5:3] [32.70465728096324, 0.3052968892504549, 1.0126644260852422, 0.30897983542073865, 11.146621037704941, 5.3041731007397175E-9] [7357.239144552815, 309.3936465410444, 110.82849384642847, 280.5340695115538, 0.16111776197059147, 0.36518740031961905, 0.26697091490253716, 0.49431226081763047, 0.08906335942111467, 0.5299540995154962]
8311.298087028885 [1:1,4:3,1:1,3:2,5:3,4:3] [24.723752742278144, 0.279999999786504, 1.0200084833154006, 0.279999999786504, 9.766847582015334, 1.463365424569929E-5] [7923.003264909595, 313.6504661906286, 126.54037692992445, 206.00918580885934, 2.939826104833981, 1.9958822883719654, -0.6416509253434545, 1.5065118320733326, 0.5649388784220477, -0.6541922887208668]
8313.726426752417 [5:4,1:1,1:1,4:3,5:3,4:3] [26.889133181985084, 0.28000002156142917, 0.9910621614231175, 0.28000002156142917, 10.965838538005993, 1.1444377378211357E-5] [7298.7168656990225, 342.6625242036898, 109.34886780386158, 182.71415266690306, 2.4099128826779053, 0.12161749486180262, 0.04239960809277274, 2.3253050901108305, 0.9316609169259632, -0.7343138188864641]
8315.909665487672 [1:1,1:1,1:1,3:2,4:3,4:3] [24.433695423049944, 0.3007214577011931, 1.0379031648567567, 0.3007214577011931, 8.49864274161797, 7.785274647176266E-10] [7402.29901866304, 67.45084862631333, 394.58171751234715, 170.36237356875947, 2.9398089701039365, 0.08066336937122541, 3.0977323643812493, 1.6200233280445173, -2.935818439117168, 3.0222984148264094]
8321.397109241685 [1:1,1:1,1:1,3:2,4:3,3:2] [23.033041914331232, 0.2970756637401216, 1.0315246352419298, 0.2970756637401216, 7.961366401893152, 2.3330812837230042E-7] [7948.124200179022, 94.36500925361482, 397.3647271431558, 169.12789792953032, 0.1875755637101845, 3.031695222003887, 0.04516749197346389, 1.5069187415425787, -0.19536378484906064, 0.4853169538125294]
8322.039235440017 [1:1,1:1,5:4,4:3,4:3,5:3] [31.66505410527136, 0.2985126368889893, 1.0126644259862088, 0.2985126368889893, 11.146621007454435, 7.272319635376334E-9] [7357.239144445188, 309.39364664341963, 110.82849388955732, 280.5340694970971, 0.16111776193244048, -0.26527822425768655, 0.6941379592240071, 0.2669653358879062, 0.06923499490004552, 1.0447758159908835]
8326.87024068408 [5:4,1:1,4:3,3:2,3:2,5:3] [26.72914513462516, 0.2800000000004006, 1.0103170435320936, 0.2800000000004006, 10.950224526270963, 1.000444171950221E-10] [7301.859473085503, 334.4715441178284, 105.55849881954948, 188.99247517685353, 2.3836630628732185, 0.14012197834572654, 0.8472590381847981, 2.662358542842763, 0.130153116132595, 0.5375937861065191]
8338.746803058455 [1:1,1:1,5:4,5:3,5:3,3:2] [25.584193469434545, 0.2800000000000786, 1.000622443420476, 0.2800000000000786, 10.388315674067961, 2.0736479200422764E-10] [7965.856685778205, 414.27290915981354, 53.33614697893849, 180.8789447601184, 0.22416265706209695, 0.09140933213895559, 0.6112833499291448, 1.2623650248155664, 0.1818845894095823, -0.25075664317968843]
8341.728902683863 [1:1,1:1,1:1,3:2,3:2,5:3] [22.513471264613536, 0.29400226047694095, 1.010234265498094, 0.29400226047694095, 7.956479057959318, 5.0456255848985165E-6] [7910.610726843047, 326.96459427719117, 126.24967849853908, 205.85826706988055, 2.960930659434961, 2.8677977044543903, 0.04451338566163735, 1.5346537089746901, 0.17500650065309112, 0.5639271059296307]
8346.264955740859 [1:1,4:3,4:3,5:3,3:2,5:3] [26.617733100118617, 0.2800000000000761, 1.0052593390541014, 0.2800000000000761, 10.995418292699371, 3.6561687011271715E-10] [7969.08208637741, 410.48720550213784, 51.16676045495977, 183.8750069568639, 0.2297161902209947, 0.9431702106332311, 0.09216601711624735, 0.9606693953019946, -0.27207932849845834, 0.5359687075569716]
8347.84080803988 [1:1,5:4,1:1,3:2,5:3,3:2] [24.417527294345383, 0.2800000052661267, 1.0098278436943582, 0.2800000052661267, 9.79927986178735, 4.120010999031365E-10] [7911.655244650593, 325.8212746015882, 127.540983332801, 204.6836720235901, 2.957518907935099, 2.294377910036696, -0.435182333457324, 1.45221202099192, 0.5691986719775122, -0.1662660660277638]
8350.22398053172 [1:1,4:3,5:4,4:3,3:2,3:2] [33.04516814524376, 0.2814941691681749, 1.0126644258451027, 0.34877032163406974, 11.146621038373924, 2.5758708943612874E-8] [7357.239144354932, 309.39364673061675, 110.82849392475339, 280.5340694880011, 0.16111776189221977, 0.5872836277363429, -0.1403154940875221, 0.2669518225826414, 0.4942642929445481, 0.0890936828345902]
8373.608958809218 [1:1,4:3,4:3,4:3,3:2,4:3] [32.95206969563572, 0.2814941688702627, 1.0126644260420548, 0.3515853369392361, 11.146621068492069, 3.5270204534754157E-9] [7357.239144501839, 309.393646609315, 110.82849385360525, 280.53406950106245, 0.16111776183188173, 0.5872836274684362, 0.06918567172052316, 0.06921786459415229, 0.49428860774582956, -0.3504704855452707]
8378.27405113224 [5:4,1:1,1:1,4:3,3:2,5:3] [26.21509986591088, 0.2910014440255711, 0.9964703014207545, 0.2910014440255711, 10.347622668868604, 6.178210696816677E-5] [7296.368775988827, 342.1317532347326, 102.05203952477, 189.44161104526412, 2.3993258721297797, 0.14424388835704513, 0.04106272613397463, 0.8455566764674022, 2.6625157422905006, 0.5378426106868436]
8382.452778223284 [1:1,4:3,4:3,3:2,4:3,5:3] [27.759523334397606, 0.29517595919184875, 1.0101695203158856, 0.29517595919184875, 10.987792024795025, 1.0622898116707802E-9] [7972.046436698106, 407.54037419774767, 50.00000000980047, 185.20310422889557, 0.23511814842529782, 2.181272413606761, 0.08909840438854773, 0.4823319905634149, -0.29060047131266836, 0.9705715372653656]
8390.617881039794 [1:1,1:1,5:4,5:3,3:2,5:3] [25.072140286940797, 0.2799999999999375, 0.999698141933275, 0.2799999999999375, 10.39196117564717, 2.1645973902195692E-10] [7964.506745259757, 415.5511106487976, 53.375661843794205, 180.8927478735728, 0.22313010955759227, 0.09150211195603623, 0.6112841352501099, 1.2623669367169374, -0.2507584583646372, 0.5399172360217557]
8417.748279785736 [1:1,1:1,4:3,5:3,5:3,5:3] [25.30912206243893, 0.27999999938380604, 0.994470698759658, 0.27999999938380604, 10.670282969867545, 1.154148776549846E-9] [7307.144271200844, 344.5678578010543, 128.0430140363049, 278.866068362868, 0.1876482429447155, -0.10907212722632247, 0.8390585194773774, 0.9312178938369378, 0.16658446455302317, 0.1666080182069113]
8423.143671867469 [1:1,4:3,1:1,3:2,3:2,4:3] [24.193138693082364, 0.2964787389882686, 1.0324535680228193, 0.2964787389882686, 9.186396488508006, 5.3186922741588205E-6] [7950.632826986775, 92.4297417307788, 397.24179478103764, 169.22193039343927, 0.18248481330171076, 2.287213691193801, -0.6414650161619974, 1.555253159275525, 0.18097082221755842, -0.19761391642393772]
8427.425487989283 [1:1,5:4,1:1,4:3,5:3,5:3] [29.439718362907737, 0.28019840547597424, 0.998930025338187, 0.28019840547597424, 11.179463275553683, 1.1332934809615836E-4] [7347.097558996235, 315.466476825073, 117.92742768430925, 279.35794285491386, 0.17798491753063134, 0.39741226192286616, -0.5666688808366643, 0.9077868150553642, 0.9819290265451769, 0.13410542017861424]
8428.907643740089 [5:4,1:1,1:1,3:2,5:3,3:2] [23.574750895656287, 0.2800000000025804, 1.0310488161319749, 0.2800000000025804, 9.781698744303212, 2.8194335754960775E-11] [7280.657826636052, 342.21115243429585, 140.70579108203256, 168.70794061964395, 0.7995343801673929, 3.021573533602962, 0.045654140807696385, 1.4283052528820208, 0.5824201454310102, -0.1551105892080033]
8438.691309776596 [5:4,1:1,1:1,4:3,5:3,5:3] [25.637764533282827, 0.27999998721128616, 0.9914516808935521, 0.27999998721128616, 10.964882928127537, 6.729506822011899E-6] [7299.154902080677, 342.22580185891707, 109.50519995836865, 182.64550630008694, 2.4096167981010193, 0.12119345077362591, 0.04239990694869855, 2.3252999388209226, 0.931670029308426, 0.19913030079866575]
8439.353150641111 [5:4,1:1,1:1,4:3,4:3,5:3] [27.202990249689375, 0.29592995455523424, 1.0070985780445467, 0.29592995455523424, 10.953334040568931, 5.875335773453116E-10] [7299.81221051041, 336.6195172098406, 103.38592026442294, 190.1528423961674, 2.386874104642035, 0.14561538054301293, 0.04081887400310173, 2.2901106846443366, 0.09482695801096809, 0.9521600638893118]
8440.236552750763 [5:4,1:1,1:1,4:3,3:2,3:2] [27.658404812702464, 0.3222341138598034, 1.0241137612328282, 0.3222341138598034, 9.767205450378157, 8.549250196665525E-11] [7283.824845358444, 356.3438030623908, 101.21806857789389, 188.7693343988999, 2.4144750283950893, 2.9991110322862284, 0.04125324296078011, 0.8411000920834091, 0.47882968465931985, 0.1327778808415994]
8441.045632699494 [1:1,4:3,4:3,4:3,4:3,3:2] [33.047889125825165, 0.28149416885050893, 1.0126644260674922, 0.36698906034286294, 11.146621068375918, 5.758920451626182E-9] [7357.239144532642, 309.3936465474387, 110.8284938631052, 280.53406951101397, 0.16111776204149425, 0.5872836275069848, 0.0691856717124341, 0.06921786458604927, 0.06924328137617801, 0.4942584037417057]
8443.485411637797 [1:1,1:1,5:4,4:3,5:3,4:3] [29.239925469394063, 0.2800000428295198, 1.0509422124775338, 0.2800000428295198, 11.178509130757963, 1.393345883116126E-9] [7927.392558800968, 312.0559540611054, 123.36376987776967, 276.9831893651422, 2.952113680158379, -0.16673194030658817, 0.6734929502456168, 0.267862863724277, 1.022042529234641, -0.9060323182773123, 2.4078945718462674]
8455.934299734345 [1:1,5:4,1:1,3:2,5:3,4:3] [24.455511504993115, 0.280000000006443, 1.00965252977476, 0.280000000006443, 10.411966871363811, 1.8189894035458565E-10] [7912.689475380104, 325.0009700271558, 127.5395913665016, 204.5860752061479, 2.9572891788913305, 2.2950307786853394, -0.43519050992256375, 1.4523676137114634, 0.569223355407344, -0.6459861600436596]
8456.161729052825 [1:1,4:3,5:4,5:3,3:2,3:2] [25.526968414635895, 0.2800000000763638, 1.0010047486014246, 0.2800000000763638, 10.99991003280123, 5.002220859751105E-11] [7967.085791271706, 413.4951910656791, 54.21903679119992, 179.45536450674777, 0.22432205375635444, 0.898597251305161, -0.08356368736995687, 1.2432131783294762, -0.2416419560137988, 0.13933933991769654]
8469.748241820402 [1:1,4:3,1:1,3:2,5:3,5:3] [23.198679672138834, 0.2800000046750621, 1.009834115853518, 0.2800000046750621, 9.799404036761887, 6.630216375924647E-10] [7911.718512778053, 326.06041084231066, 126.54895837940686, 205.48190438577885, 2.9601385040227073, 2.0016747432480946, -0.6415728396465784, 1.506347374318676, 0.5651514656966998, 0.2501947161476489]
8470.971158664697 [1:1,4:3,1:1,3:2,4:3,4:3] [25.019604802089702, 0.29866603489747434, 1.0099595790266476, 0.29866603489747434, 9.781088232329365, 1.1624069884419441E-7] [7919.015838134645, 319.9055409126597, 126.44692685685884, 205.04895784945825, 2.9568014190233236, 2.005833236200523, -0.6423038554670665, 1.5154011531398457, -0.20026216021464266, 0.12393552857499644]
8478.586272213353 [1:1,5:4,1:1,3:2,3:2,3:2] [23.538004101939922, 0.29538553087478897, 1.032545802634224, 0.29538553087478897, 9.19113105039676, 9.330233297077939E-7] [7948.470399245932, 93.97561763413016, 397.0944476676317, 169.55271178112312, 0.18575453935146347, 0.6429343904938094, -2.7022895606877517, 1.5412237870520995, 0.18123168480511778, 0.18114837320232513]
8483.587783690922 [1:1,5:4,4:3,4:3,3:2,3:2] [33.136595108607885, 0.30529688928266496, 1.0126644260658295, 0.3534689020464001, 11.146621037762703, 6.6338543547317386E-9] [7357.239144534716, 309.3936465514328, 110.82849385819407, 280.53406951049567, 0.16111776200582872, 0.3651874003632181, 0.266970914895357, 0.06923069921893124, 0.49426479060307055, 0.08909218977075399]
8513.354060272253 [1:1,4:3,1:1,3:2,4:3,3:2] [23.679906407805653, 0.30145512681632597, 1.0363904751850344, 0.30145512681632597, 9.126762191358488, 1.0022866445069667E-4] [7396.700100224839, 72.00322098271275, 394.4399005721324, 170.66926198300092, 2.9552962191359207, 2.3228597607483814, -0.6431684717970269, 1.6529663989626324, -2.9381528668320174, 2.6666715674851518]
8523.151941574886 [5:4,1:1,1:1,3:2,3:2,3:2] [24.177574666734703, 0.2962126903931244, 1.0222925864894252, 0.2962126903931244, 9.740012910669282, 3.535278665367514E-5] [7286.711072135357, 340.6267578487347, 141.59599981562658, 378.8794696844491, 0.7840451518093093, 0.12928488834288923, 3.0965010807224753, 1.4990299567569805, 0.18196695037106794, 0.18188560846092497]
8530.611453513622 [5:4,4:3,1:1,4:3,3:2,3:2] [28.250894415617402, 0.30830192944598095, 1.0124191981649187, 0.3229049353843282, 10.949577390129807, 2.5283952709287405E-10] [7301.561227724355, 334.08406319899075, 104.69181694242681, 190.01027192631796, 2.3804374161979243, 2.1255994749984, -0.7610354734019424, 0.8528816028257127, 0.47962648117213763, 0.12780202197425408]
8532.841707306074 [5:4,1:1,4:3,4:3,3:2,3:2] [28.178988506672045, 0.3086618914755492, 1.0299168296893513, 0.3215549229050306, 10.949522155056313, 7.275957614183426E-11] [7301.5925821063, 334.0463180592503, 104.71916863127299, 190.00049076177353, 2.380354380080633, 2.9977096834736017, 0.8526141186066298, 0.09453699397586506, 0.47962603900438994, 0.1278067877393082]
8537.784663824532 [5:4,1:1,1:1,3:2,5:3,4:3] [23.642321817193544, 0.2800000000004938, 1.0387183968547178, 0.2800000000004938, 10.414876635232883, 1.4642864698544145E-10] [7276.15752665084, 419.7285597769313, 72.45396094435029, 166.00738071127765, 0.8581048867615814, 3.0288634867523, 0.04569508204924717, 1.4254688953121697, 0.5831237969682913, -0.6393591351141067]
8544.349871366272 [1:1,4:3,1:1,3:2,3:2,5:3] [23.045119858520476, 0.29695534424133024, 1.0118804312226775, 0.29695534424133024, 9.195391730519914, 1.1368683772161603E-10] [7906.936178959384, 329.5961163241194, 126.14665148890256, 206.43622372813948, 2.9606782437103503, 1.9889188772204167, -0.6446728283098425, 1.5721537498760356, 0.17432438300328015, 0.5632532645567327]
8552.455323023605 [1:1,5:4,1:1,3:2,3:2,4:3] [24.224792887101827, 0.2984599385507728, 1.030095029436018, 0.2984599385507728, 9.802951700569668, 1.4170443591865478E-4] [7949.871804473871, 93.30341953769013, 397.8765062473592, 168.20712933740143, 0.18658634057329007, 2.50126185311179, -0.43623288742403177, 1.4883612430803193, 0.18403501622140567, -0.19388544819540757]
8565.498666414274 [1:1,5:4,1:1,3:2,4:3,3:2] [23.944182012154517, 0.29738556882369344, 1.0105099552053234, 0.29738556882369344, 9.779830107819228, 5.948498073848896E-5] [7919.39258714648, 319.34744611543016, 126.70550357555642, 204.88895718914625, 2.955141451118538, 2.291452128758948, -0.43946534989164754, 1.4960995103515935, -0.1989006396842628, 0.4806094837570668]
8588.63218063771 [5:4,1:1,1:1,4:3,3:2,4:3] [27.726328533907594, 0.32253204430608895, 1.0237474645784397, 0.32253204430608895, 10.373586283853077, 8.731149137020111E-11] [7287.08175290404, 353.28066756778304, 101.17280710024575, 188.65513904165203, 2.4126736402836246, 2.999430887681089, 0.04128362710696537, 0.8403940695703785, 0.4787937618328881, -0.265171923544296]
8594.986601594048 [5:4,1:1,1:1,3:2,3:2,4:3] [24.73074177886285, 0.29765259928563126, 1.0277663305990123, 0.29765259928563126, 10.35741975496399, 8.967494977696333E-6] [7283.919316675484, 340.9790844717617, 140.86939436172065, 380.0584084192513, 0.7931342047907185, 0.13269598939242402, 3.0963667390981895, 1.4689276427892304, 0.18415928061955555, -0.1929113038297396]
8599.39148507153 [1:1,1:1,1:1,3:2,4:3,5:3] [21.020657918104938, 0.294186016225996, 1.030567701942088, 0.294186016225996, 8.53987784314021, 5.128889824845828E-6] [7964.564980147006, 82.40040888797884, 398.48756117529683, 166.56777450854923, 0.16902738409445606, 0.09820053277964269, 0.04506288878719534, 1.5578392356403505, -0.1973818216800564, 2.225415759837091]
8601.5453190447 [1:1,5:4,1:1,4:3,4:3,5:3] [28.677385521333154, 0.29145926527823685, 1.0219485189576096, 0.29145926527823685, 11.172100862977711, 2.9978090606164187E-4] [7929.481200026573, 310.273406733485, 122.0938916558581, 277.6949952682264, 2.952333245248774, 0.43780994152890784, -0.599035827244328, 0.9570572489830943, 0.07553894436662718, 1.0330048956097564]
8602.21479293811 [1:1,5:4,1:1,3:2,4:3,4:3] [24.708169267601885, 0.29744000400169246, 1.0102377546328525, 0.29744000400169246, 10.396227995274652, 7.409149930026615E-5] [7918.960754477887, 319.78548755821845, 126.72257417712612, 204.86994998229926, 2.9556892610859915, 2.2916149111264703, -0.4393765252976566, 1.4949437529801175, -0.19880415179674052, 0.12462475509189892]
8604.708497540265 [1:1,1:1,5:4,4:3,4:3,4:3] [28.206373928064107, 0.29147674606436663, 1.0671370301072625, 0.29147674606436663, 11.14999650300225, 6.603764104511356E-4] [7356.174003223738, 309.7860739900161, 111.67600433270356, 280.5270313728125, 0.1644835857299106, -0.25608659588157484, 2.4527741721715595, 0.2663418625449578, 0.07029837779929879, 0.0703304161260649]
8632.833664450745 [1:1,1:1,5:4,5:3,5:3,5:3] [23.780125625365702, 0.2799999957801702, 1.0013717649450393, 0.2799999957801702, 11.000960107645076, 8.840490954753477E-5] [7966.808422436232, 413.3866450524171, 53.30020018210554, 180.86629809110534, 0.22497815491471326, 0.09132431748209262, 0.6112826374399773, 1.2623632755936243, 0.1818860527767051, 0.18188589970765967]
8633.5184812295 [1:1,5:4,1:1,3:2,5:3,5:3] [22.73586235204737, 0.2809185174095093, 1.0152543436551986, 0.2809185174095093, 10.389778064925286, 3.692052732731099E-4] [7920.545089009014, 316.65091479738965, 127.86726903504352, 204.5039914012581, 2.944695508336062, 2.2961557059776707, -0.433521199537592, 1.4392697256131382, 0.5705700505320692, 0.2605052938453106]
8658.828437624166 [5:4,4:3,1:1,3:2,5:3,3:2] [23.712149966338718, 0.2800001137451603, 1.0297616459524472, 0.2800001137451603, 11.010528100917863, 4.805305252375547E-6] [7282.269501751859, 341.51581324413877, 140.70376676111078, 168.82881991241484, 0.79682800066248, 2.282746217007847, -0.6312800654560715, 1.4527668504723352, 0.5793817918401507, -0.16008949955762705]
8690.616977476084 [5:4,1:1,1:1,3:2,4:3,3:2] [23.142417659430084, 0.3018319721060467, 1.0313412219987639, 0.3018319721060467, 9.782059308911162, 2.552531668698066E-4] [7280.292130501362, 342.3694554020347, 140.71065961893683, 168.67646548411196, 0.8001494192541113, 3.0206785660822173, 0.045696472673216464, 1.4235323207262087, -0.18510086002691173, 0.4879465649356113]
8691.723061643832 [5:4,1:1,1:1,4:3,4:3,3:2] [27.691326046517634, 0.329268696476012, 1.0310640027760796, 0.329268696476012, 10.33475831683626, 2.0880179363302886E-8] [7301.349349895196, 334.3476442363956, 104.50996180854457, 190.06909359772484, 2.3810386834114157, 2.997274138230929, 0.0407702059907323, 0.8527746626638164, 0.0944992842700284, 0.47965143128068993]
8693.565669342688 [5:4,4:3,1:1,3:2,3:2,3:2] [23.723395640823025, 0.2968051761623163, 1.027135072787351, 0.2968051761623163, 10.392065961880128, 3.1920080800773576E-6] [7285.640988189189, 340.0592152971102, 140.780459395413, 169.01863051310787, 0.7912620159466605, 2.2879857598876026, -0.6410065226808839, 1.5415450033612446, 0.18126009844618998, 0.18118163580854305]
8699.497122390318 [1:1,4:3,1:1,3:2,4:3,5:3] [23.346461946272566, 0.30486258179187686, 1.0107051263490323, 0.30486258179187686, 9.776941860013414, 1.4963112334953621E-5] [7920.575823441165, 318.45924729301737, 126.17566779574284, 205.252048008979, 2.9557292674539135, 1.1393633683696043, -0.6443434196830671, 1.5536225633746656, -0.20173658365742267, 0.9080379642209329]
8740.700576827987 [5:4,1:1,1:1,3:2,5:3,5:3] [21.614159575590055, 0.28000000000773956, 1.038113443831551, 0.28000000000773956, 10.41542241899334, 2.2203494154382497E-8] [7275.945734581841, 419.8195872218986, 72.54506513742854, 166.0245966219611, 0.8577317246738612, 3.0288211552831212, 0.04569481973115399, 1.4254882232386734, 0.5831193075514286, 0.27672087777052157]
8742.029756943275 [1:1,1:1,5:4,5:3,4:3,4:3] [26.892836377903436, 0.2800001020781794, 0.999489573712595, 0.2800001020781794, 11.210281868400813, 2.2997533960733563E-5] [7335.60697838021, 321.1515997552818, 129.1532315553577, 273.70350754297823, 0.19965529068243665, -0.08121866332788942, 0.5999067870305703, 1.2104202410573877, -0.7373900884811398, 0.09806918321337185]
8743.678844123708 [1:1,1:1,5:4,5:3,4:3,5:3] [23.637868060262566, 0.289961917934417, 1.0574743003684541, 0.289961917934417, 10.988041763744661, 0.0014250352778617525] [7970.881831322997, 74.42731966579008, 392.9284785062438, 175.4789371554195, 0.12605543298175748, 0.0910808450603718, 0.5903747072004472, 1.2016715874279984, -0.7152678612264223, 0.92619372362143]
8770.251465443078 [5:4,4:3,1:1,3:2,3:2,4:3] [24.22136218406453, 0.2968825736249839, 1.027167907702407, 0.2968825736249839, 11.007310700617243, 8.445067578577437E-7] [7285.598236145552, 340.07767815369976, 140.77884962834034, 169.0167151208991, 0.7913319517635047, 2.28791756340521, -0.6408825123910027, 1.5388009803780305, 0.18133608746912752, -0.19716902742411588]
8775.111430849956 [5:4,1:1,1:1,3:2,4:3,4:3] [24.36586837576667, 0.300403029112126, 1.0286822541001965, 0.300403029112126, 10.993298831315709, 4.345536308392184E-5] [7278.699452168428, 344.0635417256361, 141.6047083276756, 383.79026667051426, 0.797629515870004, 3.0222698888500297, 0.04553436082586959, 1.4317695204477252, -0.18727608069935114, 0.1316041003585946]
8789.456500752647 [1:1,5:4,1:1,3:2,3:2,5:3] [21.449066018408246, 0.29552146115245587, 1.0285745458622528, 0.29552146115245587, 9.741986299579688, 2.1697042939194944E-5] [7976.684966021564, 73.41532973937619, 399.594642162978, 164.10946744999939, 0.17153579869781718, 2.5195782935015942, -0.43901269322325476, 1.6059760137677057, 0.181659948809795, 0.574101939514528]
8802.857520509095 [5:4,1:1,1:1,4:3,4:3,4:3] [28.15739987972903, 0.3292686948748627, 1.0299588832115933, 0.3292686948748627, 10.949962157236179, 3.019522409886122E-10] [7301.349349945473, 334.34764350442686, 104.50996182719625, 190.06909413051406, 2.381038679672269, 2.9972741367624547, 0.04077020583386611, 0.852774666517411, 0.09449928328401357, 0.0944297147918086]
8830.846400527957 [5:4,1:1,1:1,3:2,3:2,5:3] [22.441455259928304, 0.29729265069578453, 1.025778398815337, 0.29729265069578453, 10.357423587585153, 6.759984808013542E-5] [7284.712134772794, 340.98511359452067, 141.16012185050667, 379.76305115795776, 0.7899640638792547, 0.13094457255615954, 3.0963983652622162, 1.4758713951669673, 0.18362292461664265, 0.5749238450329214]
8881.318486008924 [1:1,5:4,1:1,3:2,4:3,5:3] [21.644620281351322, 0.29472425132348945, 1.0103554332207365, 0.29472425132348945, 10.39573131100812, 6.15452190686483E-5] [7919.138464282837, 319.6006132111669, 126.72504631314223, 204.87093826773975, 2.9554305624960895, 2.2916127107123914, -0.43936392956987425, 1.494776229011527, -0.19879069994214327, 0.9076427669548373]
8943.579928074894 [5:4,4:3,1:1,3:2,4:3,3:2] [23.214993264850346, 0.3030440775897584, 1.0267614900286164, 0.3030440775897584, 11.01274975681283, 5.18077156812069E-4] [7281.2257699993115, 342.94243330048, 141.4989139616009, 167.41851252213985, 0.7934646435344656, 2.2852278383590616, -0.6255084388818943, 1.4240949764755315, -0.18513479887087808, 0.4879922805219925]
8992.152255656703 [5:4,4:3,1:1,3:2,3:2,5:3] [21.99129413821472, 0.29678162886624915, 1.0271253043835813, 0.29678162886624915, 11.007257780713736, 1.499394784332253E-5] [7285.653593316802, 340.05379417642575, 140.7809545931193, 169.01916511265804, 0.7912412755774939, 2.2880059825784005, -0.6410430321734724, 1.542403429210401, 0.18123773954285763, 0.5735802769390885]

